datos <- c(32,42,53,21,23)
